-0.140118911638053
0.0864664101814322
0.674696341007257
0.43771282626795
0.578716280524506
1.09007811204447
0.877671562508748
0.53141262743345
0.743527959647536
0.85230818576502
1.29813515067434
1.08977580914515
1.08687880685638
0.980650020503499
0.760444967877852
1.27380885847533
0.861975736915484
0.140915872755715
0.689778509172428
0.267386140345413
-0.0182660393318561
0.0521174256106867
-0.294191294746744
-0.363428570949922
-0.477203426769523
-0.87566382742515
-0.368125942298636
-0.65077052892822
-1.07082266638961
-0.553616970897008
-0.823160430519048
-1.04686638173019
-0.772352193881917
-0.778868178225715
-0.774459781974875
-0.768720705429203
-0.743811813050556
-0.820785813355303
-0.788026343144265
-0.698047291942121
-0.655430418831844
-0.402513639696159
-0.528356197814122
0.473178965620221
0.377317305104179
-0.0626339044042953
0.255690669888481
0.370586287319528
0.802921577278684
0.695094216403873
0.872346622873636
0.878094622495279
0.932272921570035
1.32324108844695
0.942294210191201
1.37467961571046
0.584443531857118
1.07359859074368
0.894886978153989
0.836376202762582
0.77945697661866
0.446851262317267
0.365081370172677
0.0603426738785343
-0.0929247476436183
0.107292919429195
-0.000803940216124843
-0.241519669000756
-0.160806799867269
-0.0072961712139229
-0.760181781262823
-1.31903399164894
-0.579161268080248
-1.0794341500138
-1.12686669886348
-0.731295498170963
-1.07111429596657
-1.29648705913314
-0.916701801648799
-0.947414428013264
-0.842886879027044
-0.662041815007139
-0.749250763701059
-0.380027114997168
-0.469497221447974
-0.196045615060306
0.136419462602696
0.115078516674009
0.0687426927379476
0.578238071441044
0.674155255555601
0.688745110505448
0.725694801212111
0.609516487799507
1.19115759392719
0.767689728897199
1.51221488708742
1.37603526111611
0.940759099508181
0.729039370072303
0.773454875370329

